16,9952
145,9977
100,0018
42,998
24,004
44,9974
163,9991
35,0056
63,997
52,0007
26,9978
48,0018
41,9971
34,0017
41,001
45,9984
31,999
38,002
41,9978
41,0031
38,0008
47,0045
29,9962
43,9974
34,998
43,001
42,0097
43,9912
39,9998
43,9973
40,0032
43,9967
43,0043
33,9989
45,0006
42,9987
39,9993
42,9996
37,9982
44,0046
31,9988
42,9981
31,9995
41,0004
44,0001
48,0001
32,9986
40,0032
50,0033
37,9965
56,0008
27,9998
48,0005
43,0113
38,9889
47,9986
45,9998
33,9999
43,998
50,0082
40,0008
30,9912
56,0017
29,002
49,999
33,0057
59,9921
26,001
137,0009
34,0007
39,9991
41,0032
50,9991
37,9948
39,0021
51,0008
24,9977
39,9992
42,0014
34,0157
47,9856
16,9992
47,003
36,9955
68,0007
44,0099
44,9915
32
41,9978
47,0049
38,9983
38,9993
44,9983
35,0025
42,9989
39,9993
42,9998
43,0002
47,9991
31,0033
53,997
41,9991
39,008
47,9942
45,9984
37,0012
48,0058
29,996
51,9978
32,0026
100,0029
32,9961
44,0007
43,9995
45,9991
37,002
49,9975
28,0019
41,0087
36,9958
46,9951
46,9992
35,0141
47,9896
41,9945
45,0014
45,9995
38,9996
52,0004
35,0006
42,0007
38,0019
43,9982
28,0036
48,9983
29,9995
39,9999
36,9995
45,9971
32,0022
54,0001
51,9978
52
30,0039
50,0036
36,9931
41
48,0017
38,0041
44,9951
35,0008
40,0036
41,9989
41,0016
135,9986
42,9979
34,9999
48,999
38
45,9999
38,0061
38,992
36,0028
41,9966
42,0078
38,9994
37,9927
44,0013
43,0017
39,9985
47,0047
36,0025
45,996
37,9979
42,9991
41,006
42,9922
49,0005
41,0025
54,9981
35,0075
49,9934
35,0002
48,9998
37,9993
46,0018
36,0009
43,998
45,0012
44,9988
39,0004
47,0049
37,9961
42,9988
42,0014
43,998
42,001
42,9986
43,9999
42,0024
32,0015
38,9981
37,0004
43,0032
42,9962
38,0022
34,9991
48,0054
40,9955
39,0016
39,0002
54,9985
34,0019
42,0013
38,9995
39,9988
37,0014
46,9979
33,0162
42,9825
40,0008
43,0028
40,0021
43,9966
44,0028
37,9981
49,9982
31,9976
44,0063
39,9949
44,9998
32,001
52,0026
33,9989
120,9962
129,015
24,986
32,0002
129,0005
25,0029
48,9999
38,9979
45,0045
35,9963
49,011
33,9897
44,9961
46,0016
36,0004
43,0009
40,9991
41,9998
41,0013
44,0007
39,9975
45,002
31,9998
53,9992
42,9993
50,0038
31
54,996
30,0038
56,9994
35,9979
48,0017
35,9966
65,0026
30,9977
43,0015
31,0001
46,0229
35,9759
46,0015
35,9989
44,9994
43,0044
49,0019
32,9968
55,9962
22,0057
51,9969
47,9982
32,0037
45,9983
37,997
53,0044
26,9987
131,9994
41,9976
43,0014
53,0039
42,9986
35,9974
45,0003
41,9999
47,0053
37,9931
56,0018
39,0021
39,9971
46,9993
54,0026
35,0013
43,9966
45,0199
43,982
41,9992
59,0036
49,9987
45,0007
33,0012
46,9984
43,9994
41,0015
42,0121
51,9861
29,0035
43,9996
48,0001
39,9982
38,0054
42,9952
50,001
35
45,001
40,9995
42,0002
46,999
35,9996
57,0006
28,9968
48,0052
33,9953
47
43,0065
43,9927
29,001
55,0039
20,008
55,9865
38,0015
125,0007
34,0001
42,9991
42,0107
34,9981
43,9917
42,002
39,9995
37,9999
49,998
40,0055
45,997
38,9974
56,0032
16,9971
60,9998
38,0046
37,9991
130,9972
39,9985
40,0045
43,9951
110,0045
33,9997
42,9982
32,0103
58,0062
27,9823
53,0065
32,998
39,9948
37,0162
46,9859
31,0051
45,9973
42,996
39,0021
43,9982
50,0138
38,9922
62,9952
47,004
44,0032
46,9962
26,9967
72,998
108,0052
34,9952
43,0011
47,0006
40,9993
38,0002
44,0049
43,9956
46,0078
41,9935
49,9986
31,0038
46,9973
28,0016
47,9997
36,9994
44,9999
42,999
42,9992
44,9997
34,0061
39,9963
46,0143
53,9829
33,0018
45,9982
37,0157
41,9855
40,9978
30,0036
56,9958
25,0036
46,9978
42,999
48,0016
32,9997
45,0138
54,9869
30,0027
42,995
46,0005
35,0009
44,9994
51,0032
33,9955
45,0023
34,001
49,007
33,9963
126,9946
34,0002
38,0011
40,0016
48,9968
39,9986
38,0037
45,9978
37,0043
49,997
36,0044
44,9942
38,0008
40,9991
41,0047
39,9989
55,9982
121,9989
23,9987
42,0074
48,9948
42,0002
43,0001
37,9993
42,0069
39,9938
42,0152
34,9848
44,0016
54,0016
18,9972
53,0219
30,9798
142,0078
41,9939
36,9949
49,0007
39,9984
44,0014
40,002
59,9974
17,0014
42,9975
36,0022
32,0113
37,9898
54,9972
41,0165
35,9841
43,0041
41,9981
40,9995
38,9984
41,0007
50,0008
38,0059
72,9999
16,002
58,9994
35,0006
42,002
44,0017
38,9952
38,9998
42,9982
41,0208
45,9842
153,9975
41,0088
33,9953
57,0108
39,9869
33,0032
41,9951
38,0004
44,9983
42,0008
37,001
47,0113
32,9931
37,997
23,0075
46,9904
42,0051
38,9952
36,9988
40,9998
45,0025
33,9969
49,0025
45,9981
43,0018
44,9977
40,0001
43,0028
140,9994
18,0053
36,9938
50,0021
43,9961
41,001
46,0101
110,9911
30,0003
38,0169
47,9832
34,002
47,9966
39,001
43,0006
35,9988
136,0008
34,9999
42,9988
43,003
22,9978
47,9953
29,0211
42,981
42,9997
40,9989
47,9989
42,0087
42,9953
30,9957
41,0119
36,9915
38,9967
43,0022
35,9989
38,9998
35,999
31,9997
57,0019
42,0021
49,9963
31,003
39,998
45,0002
37,9993
47,0008
41,0019
46,999
40,9982
29,0013
47,9993
40,0034
52,996
72,0007
38,9995
36
35,0013
47,0011
34,9985
44,0038
40,9939
35,0133
51,9879
32,0018
40,9999
35,9996
40,9979
42,0043
33,9962
52,9996
50,0003
32,004
41,0014
38,9959
43,9999
36,9986
56,0032
41,9971
50,0001
16,0007
55,0182
29,9825
64,0057
20,9939
61,001
19,9986
51,0014
33,9982
51,0025
34,9985
53,002
29,997
144,0193
20,9814
41
36,0063
53,9938
17,0044
83,9954
36,9998
143,0067
53,9944
23,9982
55,0024
24,0878
42,9129
39,9998
34,0115
50,985
38,0025
35
38,9987
38,0022
42,9974
38,0039
41,9969
34,0026
39,0023
39,9953
29,9986
47,0066
45,9965
43,0004
36,0001
43,9983
33,9999
52,9989
31,0016
46,0021
32,9995
41,9962
41,0027
37,998
50,0014
45,9999
40,9982
37,0011
114,9955
35,0012
42,0043
39,9963
60,9995
33,0162
35,9888
33,9983
43,996
100,9982
54,0034
23,0132
53,9874
41,9966
39,0007
32,0002
39,0132
36,9886
50,0069
292,9904
19,0002
210,0004
34,0011
50
38,0015
39,0001
48
